page:2048
block:64
DFTL cache num:17408
HFTL table num:9216
99 5177
199 4830
299 4531
399 4643
499 4320
599 5560
699 5780
799 5342
899 4998
999 4703
1099 4404
1199 4230
1299 4016
1399 3799
1499 3597
1599 3359
1699 3460
1799 3471
1899 3430
1999 3248
2099 3077
2199 3311
2299 3283
2399 3333
2499 3248
2599 3109
2699 2574
2799 2363
2899 2288
2999 3350
3099 3233
3199 3535
3299 3894
3399 3697
3499 4570
3599 5310
3699 4835
3799 4444
3899 5001
3999 4962
4099 5708
4199 5160
4299 4669
4399 4328
4499 4710
4599 4858
4699 4575
4799 4960
4899 5253
4999 4928
5099 4645
5199 4349
5299 4193
5399 3985
5499 3782
5599 3581
5699 3398
5799 3178
5899 3923
5999 5511
6099 4806
6199 4744
6299 4980
6399 4709
6499 5238
6599 4609
6699 4419
6799 4624
6899 4521
6999 4249
7099 4033
7199 3843
7299 3640
7399 3485
7499 3357
7599 3230
7699 3097
7799 2941
7899 2745
7999 3883
8099 3666
8199 3605
8299 3465
8399 3309
8499 3183
8599 3113
8699 2986
8799 2869
8899 2733
8999 2579
9099 2895
9199 2777
9299 2807
9399 2723
9499 2255
9599 2138
9699 2086
9799 2321
9899 5365
9999 4619
10099 4323
10199 4086
10299 3892
10399 3704
10499 3556
10599 3419
10699 3299
10799 3164
10899 3070
10999 2960
11099 2856
11199 2687
11299 2771
11399 2750
11499 2735
11599 2557
11699 2217
11799 2190
11899 2138
11999 2033
12099 3837
12199 3806
12299 3740
12399 3552
12499 3400
12599 3208
12699 3037
12799 2958
12899 3294
12999 3454
13099 3423
13199 3322
13299 3105
13399 3836
13499 3701
13599 4220
13699 4221
13799 4251
13899 4505
13999 4470
14099 4339
14199 4930
14299 4676
14399 4324
14499 3971
14599 3835
14699 3878
14799 4671
14899 4391
14999 4149
15099 3932
15199 3746
15299 3563
15399 3404
15499 3235
15599 3060
15699 2900
15799 2971
15899 2920
15999 2884
16099 2799
16199 2718
16299 2679
16399 2474
16499 2116
16599 2081
16699 2033
16799 2350
16899 2012
16999 2420
17099 2102
17199 2101
17299 2103
17399 2067
17499 2042
17599 2249
17699 2141
17799 2134
17899 2146
17999 2112
18099 2139
18199 2126
18299 2151
18399 2064
18499 2040
18599 2321
18699 2169
18799 2156
18899 2167
18999 2150
19099 2157
19199 2155
19299 2153
19399 2152
19499 2165
19599 2161
19699 2193
19799 2171
19899 2196
19999 2175
20099 2200
20199 2147
20299 2179
20399 2154
20499 2145
20599 2147
20699 2152
20799 2139
20899 2142
20999 2148
21099 2141
21199 2127
21299 2129
21399 2125
21499 2120
21599 2129
21699 2123
21799 2122
21899 2130
21999 2125
22099 2146
22199 2117
22299 2118
22399 2127
22499 2120
22599 2122
22699 2132
22799 2119
22899 2131
22999 2120
23099 2130
23199 2120
23299 2123
23399 2113
23499 2111
23599 2110
23699 2102
23799 2102
23899 2097
23999 2096
24099 2099
24199 2100
24299 2108
24399 2105
24499 2111
24599 2094
24699 2084
24799 2060
24899 2031
24999 1989
25099 2496
25199 2193
25299 2197
25399 2191
25499 2200
25599 2200
25699 2198
25799 2193
25899 2195
25999 2186
26099 2178
26199 2194
26299 2197
26399 2185
26499 2198
26599 2175
26699 2181
26799 2171
26899 2158
26999 2154
27099 2176
27199 2148
27299 2139
27399 2157
27499 2150
27599 2155
27699 2161
27799 2155
27899 2149
27999 2140
28099 2142
28199 2142
28299 2162
28399 2146
28499 2142
28599 2146
28699 2144
28799 2141
28899 2146
28999 2144
29099 2139
29199 2170
29299 2136
29399 2189
29499 2136
29599 2133
29699 2121
29799 2123
29899 2119
29999 2123
30099 2114
30199 2127
30299 2118
30399 2122
30499 2119
30599 2119
30699 2155
30799 2113
30899 2087
30999 2070
31099 2040
31199 2566
31299 2149
31399 2140
31499 2141
31599 2137
31699 2143
31799 2153
31899 2146
31999 2141
32099 2146
32199 2138
32299 2148
32399 2149
32499 2147
32599 2142
32699 2151
32799 2154
32899 2148
32999 2141
33099 2145
33199 2145
33299 2150
33399 2136
33499 2137
33599 2135
33699 2132
33799 2129
33899 2115
33999 2123
34099 2129
34199 2122
34299 2123
34399 2126
34499 2113
34599 2110
34699 2124
34799 2111
34899 2120
34999 2115
35099 2134
35199 2133
35299 2102
35399 2105
35499 2114
35599 2119
35699 2105
35799 2106
35899 2100
35999 2105
36099 2100
36199 2100
36299 2107
36399 2100
36499 2087
36599 2083
36699 2072
36799 2091
36899 2091
36999 2096
37099 2091
37199 2086
37299 2075
37399 2072
37499 2031
37599 2001
37699 2718
37799 2760
37899 2783
37999 2724
38099 2545
38199 2158
38299 2172
38399 2159
38499 2156
38599 2152
38699 2176
38799 2164
38899 2175
38999 2178
39099 2173
39199 2152
39299 2158
39399 2151
39499 2146
39599 2140
39699 2155
39799 2151
39899 2142
39999 2149
40099 2140
40199 2141
40299 2160
40399 2158
40499 2140
40599 2139
40699 2150
40799 2145
40899 2146
40999 2152
41099 2156
41199 2148
41299 2154
41399 2162
41499 2161
41599 2144
41699 2143
41799 2142
41899 2155
41999 2192
42099 2189
42199 2137
42299 2163
42399 2126
42499 2147
42599 2142
42699 2157
42799 2147
42899 2158
42999 2151
43099 2153
43199 2150
43299 2156
43399 2151
43499 2159
43599 2185
43699 2145
43799 2188
43899 2159
43999 2138
44099 2150
44199 2139
44299 2144
44399 2155
44499 2198
44599 2188
44699 2162
44799 2119
44899 2138
44999 2127
45099 2135
45199 2125
45299 2136
45399 2120
45499 2118
45599 2113
45699 2115
45799 2128
45899 2113
45999 2118
46099 2118
46199 2121
46299 2113
46399 2120
46499 2119
46599 2109
46699 2112
46799 2110
46899 2107
46999 2104
47099 2118
47199 2097
47299 2087
47399 2086
47499 2092
47599 2082
47699 2095
47799 2085
47899 2093
47999 2096
48099 2087
48199 2082
48299 2074
48399 2063
48499 2034
48599 2156
48699 2670
48799 2164
48899 2173
48999 2153
49099 2154
49199 2155
49299 2142
49399 2148
49499 2157
49599 2150
49699 2150
49799 2150
49899 2178
49999 2192
50099 2151
50199 2144
50299 2148
50399 2138
50499 2149
50599 2151
50699 2141
50799 2139
50899 2150
50999 2149
51099 2149
51199 2129
51299 2142
51399 2132
51499 2140
51599 2131
51699 2142
51799 2133
51899 2137
51999 2131
52099 2139
52199 2147
52299 2151
52399 2143
52499 2147
52599 2189
52699 2173
52799 2148
52899 2145
52999 2154
53099 2143
53199 2146
53299 2140
53399 2134
53499 2142
53599 2135
53699 2136
53799 2120
53899 2115
53999 2119
54099 2116
54199 2186
54299 2124
54399 2168
54499 2117
54599 2142
54699 2114
54799 2113
54899 2111
54999 2118
55099 2118
55199 2115
55299 2117
55399 2109
55499 2109
55599 2109
55699 2105
55799 2105
55899 2115
55999 2112
56099 2112
56199 2174
56299 2131
56399 2134
56499 2111
56599 2122
56699 2138
56799 2091
56899 2143
56999 2095
57099 2088
57199 2072
57299 2087
57399 2075
57499 2090
57599 2080
57699 2078
57799 3479
57899 2031
57999 1988
58099 2617
58199 2197
58299 2194
58399 2202
58499 2200
58599 2188
58699 2190
58799 2190
58899 2191
58999 2197
59099 2194
59199 2188
59299 2192
59399 2197
59499 2199
59599 2199
59699 2187
59799 2188
59899 2191
59999 2181
60099 2186
60199 2172
60299 2186
60399 2181
60499 2187
60599 2183
60699 2190
60799 2188
60899 2193
60999 2198
61099 2190
61199 2181
61299 2180
61399 2182
61499 2194
61599 2195
61699 2189
61799 2175
61899 2192
61999 2189
62099 2186
62199 2186
62299 2190
62399 2191
62499 2206
62599 2183
62699 2174
62799 2178
62899 2185
62999 2182
63099 2187
63199 2170
63299 2181
63399 2194
63499 2179
63599 2181
63699 2172
63799 2185
63899 2189
63999 2185
64099 2187
64199 2183
64299 2184
64399 2194
64499 2191
64599 2186
64699 2183
64799 2197
64899 2181
64999 2191
65099 2197
65199 2188
65299 2196
65399 2174
65499 2181
65599 2178
65699 2183
65799 2191
65899 2190
65999 2187
66099 2179
66199 2201
66299 2192
66399 2183
66499 2190
66599 2201
66699 2192
66799 2187
66899 2188
66999 2188
67099 2198
67199 2186
67299 2187
67399 2186
67499 2178
67599 2190
67699 2179
67799 2187
67899 2189
67999 2186
68099 2180
68199 2185
68299 2185
68399 2182
68499 2197
68599 2180
68699 2185
68799 2190
68899 2195
68999 2189
69099 2195
69199 2186
69299 2184
69399 2196
69499 2184
69599 2194
69699 2187
69799 2181
69899 2196
69999 2197
70099 2190
70199 2194
70299 2189
70399 2194
70499 2190
70599 2187
70699 2196
70799 2197
70899 2206
70999 2192
71099 2197
71199 2187
71299 2184
71399 2230
71499 2209
71599 2190
71699 2205
71799 2236
71899 2220
71999 2201
72099 2198
72199 2192
72299 2201
72399 2194
72499 2203
72599 2200
72699 2205
72799 2205
72899 2203
72999 2181
73099 2192
73199 2190
73299 2190
73399 2193
73499 2194
73599 2190
73699 2193
73799 2189
73899 2185
73999 2199
74099 2187
74199 2198
74299 2191
74399 2184
74499 2185
74599 2203
74699 2236
74799 2194
74899 2202
74999 2206
75099 2197
75199 2189
75299 2192
75399 2202
75499 2205
75599 2189
75699 2191
75799 2195
75899 2213
75999 2191
76099 2192
76199 2185
76299 2192
76399 2203
76499 2199
76599 2205
76699 2196
76799 2196
76899 2201
76999 2185
77099 2199
77199 2195
77299 2192
77399 2189
77499 2204
77599 2202
77699 2190
77799 2200
77899 2195
77999 2189
78099 2202
78199 2195
78299 2198
78399 2199
78499 2194
78599 2188
78699 2203
78799 2203
78899 2238
78999 2213
79099 2230
79199 2209
79299 2202
79399 2195
79499 2215
79599 2197
79699 2203
79799 2201
79899 2192
79999 2202
80099 2198
80199 2198
80299 2209
80399 2200
80499 2199
80599 3995
80699 2200
80799 2185
80899 2194
80999 2184
81099 2191
81199 2232
81299 2188
81399 2181
81499 2219
81599 2188
81699 2195
81799 2183
81899 2201
81999 2194
82099 2188
82199 2195
82299 2190
82399 2199
82499 2189
82599 2193
82699 2187
82799 2195
82899 2199
82999 2185
83099 2201
83199 2198
83299 2190
83399 2183
83499 2190
83599 2189
83699 2183
83799 2198
83899 2190
83999 2196
84099 2191
84199 2181
84299 2198
84399 2193
84499 2203
84599 2192
84699 2200
84799 2192
84899 2207
84999 2204
85099 2199
85199 2200
85299 2200
85399 2190
85499 2204
85599 2208
85699 2203
85799 2227
85899 2217
85999 2194
86099 2198
86199 2195
86299 2185
86399 2190
86499 2190
86599 2194
86699 2239
86799 2206
86899 2213
86999 2196
87099 2237
87199 2193
87299 2191
87399 2177
87499 2183
87599 2188
87699 2197
87799 2202
87899 2207
87999 2187
88099 2210
88199 2208
88299 2177
88399 2202
88499 2181
88599 2174
88699 2187
88799 2179
88899 2190
88999 2186
89099 2196
89199 2173
89299 2189
89399 2204
89499 2228
89599 2209
89699 2174
89799 2180
89899 2190
89999 2174
90099 2180
90199 2186
90299 2173
90399 2173
90499 2176
90599 2190
90699 2171
90799 2172
90899 2213
90999 2197
91099 2194
91199 2176
91299 2221
91399 2199
91499 2179
91599 2166
91699 2170
91799 2166
91899 2170
91999 2171
92099 2172
92199 2160
92299 2178
92399 2158
92499 2171
92599 2168
92699 2173
92799 2175
92899 2173
92999 2184
93099 2173
93199 2190
93299 2204
93399 2190
93499 2192
93599 2176
93699 2174
93799 2162
93899 2179
93999 2172
94099 2176
94199 2182
94299 2182
94399 2164
94499 2176
94599 2172
94699 2167
94799 2168
94899 2160
94999 2169
95099 2170
95199 2168
95299 2200
95399 2189
95499 2167
95599 2193
95699 2161
95799 2161
95899 2182
95999 2178
96099 2174
96199 2170
96299 2172
96399 2183
96499 2181
96599 2164
96699 2177
96799 2166
96899 2169
96999 2169
97099 2177
97199 2165
97299 2162
97399 2157
97499 2165
97599 2168
97699 2158
97799 2155
97899 2163
97999 2153
98099 2163
98199 2152
98299 2157
98399 2161
98499 2167
98599 2159
98699 2159
98799 2158
98899 2163
98999 2160
99099 2153
99199 2146
99299 2155
99399 2164
99499 2160
99599 2160
99699 2159
99799 2156
99899 2167
99999 2160
random test ok
time:2428951
the number of moving:0
the number of writing in log:0
the number of cache hit:0
the number of page writing:100000
the number of overwriting:8853
the number of translation block writing:0
the number of find:100000
the number of ex read:0
close
page:2048
block:64
DFTL cache num:17408
HFTL table num:9216
99 13245
199 15287
299 17325
399 12645
499 10901
599 11435
699 11724
799 12971
899 11867
999 13051
1099 11478
1199 11934
1299 12827
1399 12579
1499 12300
1599 12142
1699 11910
1799 12627
1899 12059
1999 13108
2099 13601
2199 12989
2299 13112
2399 12893
2499 12291
2599 12124
2699 12311
2799 12212
2899 13232
2999 12112
3099 12627
3199 12291
3299 12277
3399 12484
3499 13733
3599 13450
3699 12566
3799 12920
3899 12826
3999 12754
4099 13079
4199 14092
4299 12735
4399 14750
4499 11985
4599 13083
4699 13180
4799 13072
4899 14342
4999 13392
5099 12447
5199 13316
5299 13167
5399 12342
5499 13453
5599 13367
5699 12801
5799 13095
5899 14263
5999 13458
6099 13981
6199 13613
6299 12836
6399 13813
6499 12407
6599 13757
6699 13363
6799 13611
6899 13406
6999 13518
7099 12789
7199 12652
7299 14498
7399 14040
7499 12504
7599 13133
7699 13748
7799 14529
7899 12961
7999 13429
8099 13066
8199 13106
8299 13185
8399 13882
8499 14397
8599 13701
8699 13220
8799 14730
8899 14640
8999 12772
9099 13751
9199 13422
9299 14882
9399 13095
9499 14194
9599 12604
9699 13947
9799 12687
9899 13715
9999 14679
10099 13039
10199 14527
10299 13112
10399 14143
10499 12992
10599 13848
10699 12979
10799 13316
10899 14327
10999 13228
11099 15797
11199 14054
11299 14248
11399 14622
11499 13846
11599 14416
11699 12986
11799 14022
11899 13748
11999 13531
12099 13301
12199 15136
12299 13483
12399 13949
12499 13027
12599 13394
12699 14821
12799 13797
12899 13805
12999 14233
13099 12908
13199 13380
13299 15272
13399 13222
13499 13719
13599 14115
13699 14138
13799 14249
13899 14844
13999 13554
14099 13340
14199 14203
14299 14059
14399 14565
14499 14216
14599 13527
14699 13721
14799 15999
14899 14027
14999 15853
15099 15004
15199 14674
15299 14130
15399 14593
15499 14431
15599 14012
15699 14308
15799 15987
15899 14594
15999 14276
16099 14435
16199 15170
16299 13648
16399 14481
16499 13380
16599 14395
16699 13321
16799 14090
16899 13944
16999 14225
17099 15050
17199 12879
17299 14998
17399 13817
17499 13888
17599 13831
17699 14565
17799 14096
17899 13507
17999 15723
18099 14393
18199 13854
18299 14444
18399 13706
18499 14052
18599 13557
18699 14482
18799 15012
18899 14129
18999 13982
19099 14808
19199 15040
19299 15286
19399 14952
19499 15041
19599 13465
19699 14152
19799 13784
19899 14519
19999 14955
20099 14212
20199 14146
20299 13668
20399 14463
20499 14003
20599 13159
20699 14279
20799 13972
20899 13612
20999 14187
21099 15505
21199 14254
21299 14556
21399 14571
21499 13593
21599 15032
21699 13952
21799 16082
21899 13457
21999 14880
22099 15756
22199 14590
22299 14881
22399 15210
22499 13985
22599 14890
22699 15294
22799 14809
22899 13909
22999 14345
23099 14940
23199 13219
23299 14216
23399 15292
23499 16182
23599 14660
23699 13787
23799 14345
23899 14505
23999 15541
24099 13996
24199 15752
24299 13686
24399 14183
24499 14305
24599 14536
24699 13379
24799 16226
24899 14389
24999 14383
25099 14644
25199 15916
25299 14712
25399 15022
25499 14830
25599 14910
25699 14250
25799 14510
25899 14223
25999 15580
26099 14659
26199 14216
26299 15590
26399 14334
26499 15223
26599 14472
26699 15186
26799 15767
26899 14543
26999 14167
27099 15114
27199 15592
27299 15842
27399 15656
27499 14799
27599 14617
27699 15004
27799 15049
27899 14903
27999 14918
28099 15049
28199 14986
28299 14654
28399 15131
28499 14226
28599 15347
28699 16279
28799 15153
28899 14532
28999 15294
29099 13980
29199 14979
29299 14303
29399 14798
29499 14641
29599 14222
29699 16186
29799 14693
29899 13939
29999 16023
30099 14964
30199 15077
30299 14534
30399 14889
30499 15266
30599 14448
30699 14914
30799 15488
30899 15644
30999 17535
31099 16517
31199 17717
31299 14938
31399 15326
31499 14754
31599 15041
31699 15240
31799 16413
31899 15328
31999 13719
32099 14806
32199 14422
32299 15167
32399 15884
32499 14709
32599 17564
32699 14862
32799 13841
32899 15601
32999 15802
33099 14927
33199 14437
33299 14810
33399 15825
33499 14788
33599 14847
33699 14878
33799 16095
33899 15542
33999 16482
34099 17048
34199 14981
34299 14684
34399 16544
34499 14966
34599 14107
34699 16460
34799 14907
34899 16124
34999 13835
35099 16150
35199 15308
35299 16244
35399 16253
35499 14496
35599 16812
35699 15385
35799 14939
35899 15420
35999 15515
36099 15924
36199 15628
36299 14308
36399 14970
36499 14724
36599 15340
36699 16026
36799 15389
36899 16811
36999 16759
37099 14422
37199 15451
37299 14383
37399 13971
37499 14884
37599 14955
37699 15572
37799 16359
37899 16621
37999 14994
38099 14498
38199 16589
38299 14765
38399 14757
38499 15622
38599 14800
38699 17078
38799 14361
38899 15612
38999 16009
39099 15716
39199 14657
39299 16470
39399 15782
39499 15358
39599 14301
39699 15304
39799 14490
39899 14891
39999 16183
40099 15895
40199 16032
40299 14312
40399 17307
40499 15325
40599 17153
40699 15412
40799 18033
40899 15012
40999 18038
41099 14076
41199 15488
41299 17388
41399 17519
41499 16901
41599 17555
41699 17601
41799 15861
41899 17647
41999 16908
42099 18373
42199 17032
42299 17387
42399 14508
42499 16142
42599 16577
42699 17099
42799 15747
42899 14642
42999 15281
43099 17710
43199 16301
43299 15252
43399 17032
43499 18684
43599 14708
43699 15255
43799 17384
43899 16439
43999 15257
44099 15176
44199 16480
44299 16919
44399 16161
44499 15279
44599 15769
44699 15962
44799 16200
44899 16022
44999 15414
45099 18158
45199 17995
45299 17487
45399 17486
45499 14813
45599 16233
45699 17009
45799 15837
45899 15162
45999 18629
46099 16867
46199 14014
46299 16282
46399 15858
46499 16255
46599 15224
46699 16757
46799 14875
46899 15798
46999 17401
47099 15622
47199 13706
47299 16290
47399 14758
47499 19356
47599 16178
47699 17205
47799 17285
47899 18075
47999 16896
48099 15890
48199 16748
48299 16709
48399 18656
48499 19414
48599 16093
48699 15547
48799 16058
48899 15749
48999 16570
49099 14868
49199 16954
49299 15409
49399 16548
49499 17983
49599 14630
49699 16277
49799 14940
49899 18127
49999 19186
50099 18185
50199 18381
50299 17493
50399 14727
50499 17866
50599 16286
50699 19835
50799 17117
50899 18050
50999 15526
51099 15231
51199 18030
51299 14701
51399 16773
51499 17667
51599 16823
51699 14659
51799 16113
51899 16351
51999 16121
52099 15821
52199 16409
52299 17298
52399 14990
52499 17228
52599 16471
52699 19362
52799 15115
52899 16776
52999 16718
53099 15475
53199 20448
53299 18820
53399 18704
53499 13735
53599 18406
53699 17002
53799 17312
53899 17089
53999 16529
54099 15614
54199 16929
54299 15824
54399 16459
54499 16759
54599 15471
54699 17155
54799 16006
54899 15261
54999 18337
55099 17827
55199 17719
55299 19035
55399 15720
55499 17283
55599 16064
55699 15055
55799 16998
55899 16695
55999 17943
56099 17938
56199 15194
56299 17819
56399 18190
56499 18166
56599 18747
56699 16803
56799 15507
56899 15643
56999 20482
57099 19567
57199 17344
57299 17612
57399 16287
57499 18391
57599 17848
57699 18904
57799 16411
57899 18297
57999 18998
58099 16963
58199 17239
58299 17930
58399 17144
58499 16557
58599 17539
58699 16693
58799 16261
58899 20475
58999 17392
59099 16891
59199 19613
59299 14599
59399 17501
59499 17457
59599 17800
59699 16956
59799 16445
59899 19491
59999 16891
60099 18979
60199 18718
60299 18807
60399 16407
60499 18608
60599 15448
60699 17782
60799 21238
60899 15734
60999 17978
61099 19183
61199 22080
61299 16221
61399 18433
61499 24673
61599 19609
61699 19337
61799 18034
61899 18399
61999 19235
62099 18734
62199 17660
62299 16545
62399 18112
62499 18298
62599 18082
62699 14663
62799 15898
62899 17640
62999 15346
63099 19926
63199 17653
63299 19433
63399 16963
63499 18727
63599 18153
63699 18200
63799 16440
63899 17600
63999 18070
64099 19528
64199 17183
64299 19239
64399 17578
64499 17901
64599 19782
64699 17501
64799 16933
64899 16802
64999 17055
65099 18290
65199 18628
65299 17586
65399 19065
65499 19675
65599 20492
65699 16808
65799 17984
65899 16480
65999 18260
66099 18339
66199 17202
66299 17601
66399 18592
66499 18465
66599 19006
66699 18140
66799 18201
66899 20226
66999 19354
67099 18170
67199 19075
67299 19541
67399 18482
67499 20427
67599 19595
67699 17507
67799 15458
67899 17805
67999 18469
68099 17955
68199 18309
68299 18865
68399 22039
68499 17251
68599 19124
68699 19364
68799 16506
68899 17091
68999 20112
69099 19748
69199 16741
69299 21979
69399 19673
69499 20673
69599 19645
69699 17088
69799 19855
69899 21218
69999 18037
70099 18687
70199 20682
70299 20094
70399 15095
70499 22156
70599 19367
70699 19885
70799 21573
70899 20830
70999 17377
71099 17722
71199 21068
71299 18170
71399 19932
71499 18123
71599 18129
71699 19010
71799 21526
71899 20042
71999 19730
72099 20337
72199 22217
72299 21257
72399 17185
72499 19196
72599 16333
72699 16971
72799 23136
72899 19321
72999 19685
73099 17827
73199 23114
73299 17950
73399 18243
73499 19358
73599 19464
73699 24424
73799 16275
73899 19989
73999 20526
74099 16767
74199 17472
74299 19927
74399 18568
74499 18096
74599 17955
74699 19126
74799 23061
74899 21170
74999 17879
75099 23936
75199 18778
75299 20087
75399 19300
75499 20706
75599 19496
75699 17407
75799 19443
75899 18610
75999 20031
76099 22123
76199 17480
76299 18225
76399 19224
76499 22064
76599 18801
76699 17989
76799 17319
76899 21423
76999 19999
77099 18217
77199 22572
77299 19619
77399 17821
77499 18406
77599 19653
77699 19262
77799 19140
77899 19681
77999 17511
78099 25737
78199 17238
78299 17896
78399 21208
78499 22114
78599 22026
78699 17374
78799 19450
78899 17923
78999 22749
79099 18484
79199 19407
79299 20673
79399 19349
79499 24172
79599 20903
79699 22119
79799 26025
79899 18667
79999 20493
80099 24026
80199 19987
80299 20939
80399 20416
80499 17159
80599 18631
80699 17735
80799 23229
80899 20236
80999 19860
81099 19473
81199 21000
81299 19332
81399 19652
81499 18740
81599 18484
81699 18323
81799 21215
81899 19201
81999 20339
82099 20425
82199 19678
82299 22246
82399 19815
82499 16758
82599 19088
82699 18826
82799 18524
82899 20914
82999 20460
83099 19722
83199 20414
83299 21279
83399 21487
83499 22772
83599 20403
83699 19607
83799 22284
83899 20734
83999 24222
84099 21178
84199 22703
84299 22257
84399 18714
84499 17365
84599 21624
84699 22949
84799 23113
84899 18569
84999 18146
85099 20030
85199 20730
85299 19770
85399 20317
85499 16007
85599 21300
85699 22090
85799 19525
85899 20716
85999 21178
86099 18791
86199 26270
86299 20796
86399 20074
86499 23694
86599 19416
86699 19248
86799 22588
86899 22683
86999 21886
87099 23471
87199 20444
87299 22616
87399 22306
87499 21677
87599 21259
87699 20936
87799 24058
87899 22218
87999 19016
88099 19218
88199 19541
88299 19899
88399 19747
88499 19390
88599 19733
88699 25235
88799 22325
88899 20266
88999 23372
89099 19101
89199 19869
89299 21741
89399 18510
89499 22784
89599 22158
89699 21677
89799 22484
89899 18613
89999 24103
90099 18797
90199 21240
90299 23229
90399 25823
90499 23883
90599 20198
90699 20112
90799 21919
90899 22326
90999 17603
91099 24480
91199 21565
91299 22272
91399 18734
91499 17679
91599 22196
91699 21421
91799 26120
91899 22179
91999 23315
92099 21497
92199 23781
92299 21889
92399 22914
92499 25915
92599 22655
92699 21330
92799 22948
92899 24508
92999 22369
93099 19018
93199 26737
93299 23254
93399 20229
93499 23878
93599 22460
93699 20397
93799 18599
93899 18584
93999 22420
94099 18779
94199 21586
94299 22360
94399 17129
94499 19903
94599 20985
94699 18901
94799 25791
94899 20653
94999 27628
95099 25382
95199 24403
95299 22521
95399 24252
95499 24183
95599 25557
95699 21608
95799 24265
95899 22669
95999 22423
96099 22076
96199 26872
96299 21753
96399 23002
96499 26183
96599 21046
96699 22373
96799 23524
96899 21580
96999 22550
97099 22895
97199 21996
97299 23974
97399 25840
97499 27090
97599 24143
97699 22308
97799 23569
97899 23915
97999 23284
98099 25318
98199 16440
98299 20615
98399 23459
98499 21908
98599 25958
98699 24271
98799 21203
98899 22739
98999 23533
99099 17435
99199 25687
99299 22010
99399 24996
99499 23114
99599 24583
99699 23919
99799 27318
99899 19453
99999 20843
random test ok
time:17235073
the number of moving:8853
the number of writing in log:89081
the number of cache hit:0
the number of page writing:132319
the number of overwriting:0
the number of translation block writing:0
the number of find:579820
the number of ex read:32319
close
page:2048
block:64
DFTL cache num:17408
HFTL table num:9216
99 5128
199 4458
299 4272
399 4463
499 4671
599 5199
699 4902
799 4783
899 4405
999 4570
1099 4887
1199 4466
1299 4217
1399 4014
1499 3792
1599 3643
1699 3496
1799 3331
1899 3198
1999 3088
2099 3004
2199 3542
2299 3550
2399 3545
2499 3388
2599 3248
2699 3452
2799 3362
2899 3246
2999 3157
3099 3048
3199 2952
3299 2871
3399 2803
3499 3718
3599 3492
3699 3713
3799 3584
3899 3701
3999 5258
4099 4780
4199 4700
4299 4848
4399 4801
4499 4953
4599 4877
4699 4601
4799 4314
4899 4294
4999 4905
5099 4596
5199 4445
5299 5061
5399 4662
5499 4364
5599 4153
5699 3942
5799 3748
5899 3633
5999 3475
6099 3335
6199 3217
6299 3425
6399 5176
6499 4851
6599 4640
6699 4572
6799 4353
6899 4109
6999 3910
7099 3767
7199 3577
7299 3479
7399 3320
7499 3212
7599 3115
7699 3026
7799 2969
7899 3764
7999 3514
8099 3387
8199 3273
8299 3143
8399 3075
8499 2985
8599 2916
8699 2823
8799 2341
8899 2339
8999 2834
9099 2292
9199 2300
9299 2304
9399 2307
9499 2297
9599 2316
9699 2481
9799 2964
9899 2825
9999 2627
10099 2279
10199 2287
10299 2290
10399 2283
10499 2282
10599 2296
10699 2297
10799 2296
10899 2292
10999 2288
11099 2282
11199 2326
11299 2543
11399 2294
11499 2284
11599 2295
11699 2306
11799 2300
11899 2313
11999 2752
12099 2312
12199 2301
12299 2313
12399 2310
12499 2304
12599 2315
12699 2327
12799 2453
12899 2881
12999 3298
13099 3176
13199 3071
13299 3634
13399 3419
13499 4570
13599 5117
13699 4772
13799 5016
13899 5028
13999 4972
14099 5360
14199 5058
14299 4703
14399 4432
14499 4235
14599 4015
14699 4309
14799 4102
14899 3955
14999 3806
15099 3635
15199 3498
15299 3373
15399 3262
15499 3178
15599 3078
15699 3300
15799 3276
15899 3181
15999 3087
16099 3016
16199 2956
16299 2858
16399 2395
16499 2327
16599 2350
16699 2760
16799 2856
16899 3307
16999 3131
17099 3078
17199 2957
17299 2905
17399 2755
17499 2578
17599 3370
17699 3152
17799 11851
17899 14329
17999 12746
18099 12902
18199 13793
18299 13941
18399 13637
18499 14249
18599 14151
18699 14093
18799 14399
18899 13518
18999 14320
19099 14482
19199 14119
19299 14328
19399 14235
19499 14101
19599 14135
19699 14007
19799 13683
19899 13376
19999 13410
20099 13328
20199 13276
20299 13752
20399 14136
20499 12853
20599 13669
20699 13862
20799 13546
20899 14104
20999 13349
21099 13537
21199 13205
21299 13027
21399 12996
21499 13960
21599 13673
21699 13602
21799 13071
21899 14082
21999 13685
22099 13868
22199 13951
22299 14112
22399 13011
22499 13143
22599 14421
22699 13939
22799 14467
22899 14085
22999 14427
23099 13300
23199 13963
23299 14594
23399 14271
23499 13612
23599 13123
23699 13374
23799 13957
23899 12964
23999 14068
24099 13678
24199 13494
24299 13203
24399 13507
24499 13833
24599 13268
24699 13202
24799 13736
24899 13444
24999 14460
25099 13173
25199 13557
25299 13726
25399 12957
25499 13276
25599 13228
25699 13271
25799 13271
25899 13391
25999 14024
26099 13903
26199 13856
26299 12945
26399 14131
26499 13834
26599 13324
26699 13379
26799 13286
26899 15599
26999 16022
27099 13808
27199 14134
27299 12943
27399 12754
27499 13052
27599 13764
27699 13835
27799 12485
27899 25423
27999 17036
28099 15311
28199 14415
28299 14049
28399 19934
28499 15212
28599 14334
28699 13106
28799 13041
28899 13619
28999 13764
29099 13546
29199 13492
29299 13165
29399 13417
29499 13994
29599 13496
29699 13383
29799 14026
29899 13494
29999 14042
30099 13715
30199 13635
30299 13866
30399 14093
30499 12889
30599 13467
30699 13424
30799 13760
30899 13757
30999 13722
31099 13070
31199 13298
31299 13442
31399 14045
31499 13153
31599 13587
31699 13400
31799 12996
31899 13233
31999 12968
32099 13746
32199 13127
32299 13153
32399 13187
32499 13234
32599 13325
32699 13759
32799 13317
32899 12549
32999 13127
33099 13527
33199 13404
33299 14086
33399 13224
33499 12886
33599 12180
33699 12187
33799 13956
33899 13872
33999 13258
34099 13008
34199 12788
34299 12880
34399 12875
34499 12818
34599 13859
34699 12637
34799 12880
34899 12835
34999 12863
35099 12681
35199 12818
35299 12150
35399 11694
35499 12381
35599 12888
35699 12038
35799 12213
35899 12051
35999 13343
36099 12418
36199 12482
36299 11922
36399 13252
36499 12531
36599 12852
36699 12577
36799 12728
36899 12322
36999 12068
37099 12095
37199 12951
37299 12725
37399 12842
37499 12289
37599 12616
37699 12584
37799 12252
37899 11841
37999 13351
38099 13035
38199 12978
38299 12347
38399 14028
38499 12486
38599 13120
38699 12226
38799 12442
38899 14341
38999 12048
39099 12461
39199 12454
39299 11935
39399 11637
39499 11830
39599 13041
39699 13077
39799 12406
39899 12924
39999 13504
40099 13199
40199 11821
40299 12090
40399 12846
40499 12526
40599 12412
40699 13787
40799 12650
40899 13158
40999 11856
41099 12545
41199 12808
41299 12452
41399 12256
41499 12583
41599 12341
41699 13304
41799 12182
41899 12574
41999 12539
42099 12667
42199 11826
42299 13437
42399 12178
42499 12153
42599 11951
42699 12977
42799 12442
42899 13211
42999 11948
43099 19196
43199 13175
43299 13870
43399 12571
43499 13320
43599 11897
43699 14074
43799 12968
43899 12338
43999 12790
44099 12572
44199 13475
44299 12541
44399 11520
44499 12900
44599 14308
44699 13779
44799 13700
44899 12047
44999 13165
45099 12533
45199 13416
45299 13071
45399 12571
45499 12088
45599 12518
45699 12237
45799 12897
45899 12087
45999 11453
46099 11966
46199 12559
46299 13574
46399 12377
46499 14101
46599 12247
46699 13925
46799 11269
46899 12597
46999 12574
47099 12785
47199 11988
47299 13734
47399 13136
47499 12277
47599 13117
47699 12651
47799 12110
47899 12319
47999 12630
48099 12281
48199 12559
48299 13321
48399 12869
48499 12715
48599 12255
48699 13688
48799 14140
48899 14971
48999 12182
49099 14093
49199 12126
49299 12701
49399 12329
49499 11877
49599 13532
49699 12654
49799 12730
49899 12356
49999 12636
50099 11423
50199 12753
50299 13924
50399 11641
50499 12271
50599 14043
50699 12384
50799 13355
50899 13381
50999 14877
51099 16283
51199 14369
51299 11824
51399 12677
51499 14599
51599 12712
51699 14048
51799 13269
51899 12387
51999 12143
52099 13977
52199 13198
52299 11565
52399 12770
52499 12102
52599 12044
52699 11941
52799 12427
52899 12239
52999 12501
53099 14443
53199 11540
53299 12725
53399 14539
53499 12510
53599 12779
53699 13539
53799 12070
53899 12447
53999 11264
54099 11009
54199 12268
54299 12630
54399 13433
54499 12515
54599 14203
54699 14793
54799 11400
54899 12895
54999 11338
55099 11381
55199 11474
55299 11609
55399 11608
55499 14950
55599 13176
55699 14448
55799 10969
55899 13229
55999 13856
56099 12118
56199 13076
56299 12674
56399 13521
56499 11984
56599 11782
56699 12969
56799 13118
56899 12533
56999 15350
57099 11526
57199 13218
57299 12254
57399 13316
57499 12029
57599 12367
57699 13500
57799 12790
57899 13742
57999 11184
58099 14051
58199 14789
58299 14372
58399 13337
58499 12940
58599 12600
58699 15200
58799 12034
58899 13112
58999 13351
59099 13267
59199 14486
59299 12413
59399 17295
59499 18558
59599 17320
59699 19085
59799 18603
59899 16088
59999 16213
60099 11555
60199 13146
60299 12903
60399 12185
60499 12750
60599 12547
60699 13448
60799 18382
60899 14551
60999 12794
61099 19591
61199 16131
61299 12189
61399 14090
61499 15026
61599 14678
61699 12586
61799 14091
61899 13181
61999 12898
62099 13241
62199 13124
62299 12427
62399 14153
62499 14018
62599 12983
62699 13327
62799 14679
62899 14246
62999 13566
63099 14389
63199 11431
63299 14878
63399 15270
63499 14182
63599 11845
63699 15912
63799 17940
63899 17445
63999 17360
64099 12811
64199 14635
64299 13113
64399 15801
64499 14068
64599 15446
64699 18417
64799 18212
64899 19936
64999 20995
65099 21092
65199 15591
65299 15089
65399 17522
65499 17804
65599 15744
65699 14217
65799 15476
65899 15432
65999 13469
66099 14794
66199 15945
66299 11987
66399 15255
66499 12476
66599 12794
66699 13659
66799 13849
66899 14750
66999 16868
67099 19108
67199 19275
67299 18764
67399 13130
67499 14786
67599 15177
67699 14168
67799 14876
67899 15178
67999 14323
68099 13152
68199 13972
68299 14970
68399 14820
68499 12777
68599 11343
68699 11498
68799 13186
68899 14345
68999 12732
69099 14569
69199 13572
69299 11990
69399 12754
69499 13748
69599 13681
69699 13979
69799 13681
69899 12359
69999 13096
70099 13797
70199 14099
70299 11592
70399 16223
70499 11417
70599 13206
70699 14085
70799 12453
70899 16007
70999 16128
71099 15251
71199 11203
71299 14643
71399 13823
71499 12976
71599 13267
71699 12913
71799 13691
71899 13470
71999 12828
72099 14023
72199 14168
72299 13489
72399 13585
72499 13445
72599 12479
72699 13604
72799 13163
72899 12330
72999 15669
73099 11196
73199 14473
73299 13402
73399 15743
73499 14981
73599 14585
73699 13413
73799 14944
73899 13325
73999 15688
74099 15039
74199 13627
74299 14361
74399 13365
74499 11284
74599 14536
74699 16775
74799 15048
74899 20513
74999 16257
75099 14359
75199 13151
75299 15593
75399 14574
75499 11897
75599 15169
75699 14640
75799 13180
75899 13144
75999 14725
76099 14849
76199 13604
76299 12491
76399 13452
76499 13139
76599 16161
76699 13787
76799 13551
76899 15570
76999 11326
77099 16003
77199 13008
77299 13608
77399 14773
77499 14392
77599 14896
77699 15145
77799 15117
77899 13563
77999 16745
78099 14193
78199 14892
78299 13693
78399 13325
78499 14275
78599 12892
78699 13775
78799 14682
78899 17335
78999 13504
79099 14766
79199 19029
79299 15490
79399 15204
79499 14942
79599 15416
79699 13274
79799 14852
79899 14705
79999 13140
80099 14999
80199 14664
80299 12764
80399 13289
80499 13575
80599 13057
80699 11900
80799 14543
80899 14367
80999 12272
81099 13063
81199 15629
81299 15575
81399 14511
81499 13584
81599 14851
81699 14606
81799 14858
81899 16641
81999 13916
82099 14239
82199 15169
82299 14550
82399 14203
82499 13343
82599 15941
82699 13694
82799 13506
82899 15054
82999 19422
83099 20995
83199 21294
83299 20932
83399 19375
83499 15113
83599 16920
83699 15780
83799 15323
83899 13053
83999 15163
84099 14077
84199 15371
84299 14484
84399 14287
84499 14180
84599 14373
84699 15806
84799 15370
84899 14570
84999 15537
85099 16105
85199 17061
85299 16031
85399 15801
85499 13973
85599 12715
85699 14630
85799 15793
85899 13495
85999 17126
86099 16319
86199 13327
86299 18139
86399 11943
86499 15132
86599 14062
86699 14845
86799 14815
86899 15699
86999 16648
87099 16799
87199 17612
87299 16136
87399 15642
87499 14653
87599 15125
87699 15358
87799 15893
87899 16870
87999 13748
88099 13126
88199 16692
88299 16366
88399 16330
88499 17157
88599 17130
88699 12653
88799 13553
88899 16997
88999 15237
89099 14912
89199 17789
89299 16489
89399 16345
89499 15417
89599 14955
89699 16798
89799 17816
89899 17488
89999 18736
90099 15537
90199 15798
90299 13319
90399 15111
90499 19489
90599 15283
90699 17344
90799 13351
90899 15171
90999 14160
91099 16151
91199 17021
91299 14551
91399 17731
91499 14246
91599 17900
91699 14695
91799 13896
91899 17363
91999 17634
92099 14994
92199 16164
92299 13873
92399 16697
92499 16703
92599 16141
92699 14032
92799 21910
92899 16635
92999 15598
93099 14932
93199 14323
93299 15785
93399 13334
93499 14596
93599 15984
93699 14592
93799 16953
93899 13827
93999 13788
94099 15479
94199 17925
94299 17128
94399 14106
94499 14214
94599 17636
94699 16725
94799 14987
94899 17157
94999 15411
95099 13691
95199 14362
95299 15988
95399 15187
95499 15060
95599 15410
95699 14454
95799 19897
95899 14839
95999 16165
96099 15935
96199 19805
96299 18162
96399 13626
96499 17280
96599 15132
96699 17588
96799 14578
96899 15227
96999 17107
97099 14798
97199 18441
97299 15360
97399 17803
97499 18437
97599 17111
97699 15564
97799 18173
97899 16851
97999 15777
98099 19329
98199 14360
98299 15785
98399 13342
98499 18968
98599 16927
98699 15785
98799 16886
98899 13997
98999 17527
99099 17274
99199 16022
99299 15003
99399 15186
99499 14622
99599 17500
99699 14908
99799 14692
99899 18690
99999 16629
random test ok
time:12233819
the number of moving:3585
the number of writing in log:0
the number of cache hit:2977
the number of page writing:100000
the number of overwriting:0
the number of translation block writing:91614
the number of find:222091
the number of ex read:15584
close
page:2048
block:64
DFTL cache num:17408
HFTL table num:9216
99 68156
199 10227
299 18004
399 17971
499 9644
599 9398
699 9980
799 9665
899 10455
999 19134
1099 10004
1199 18904
1299 10713
1399 10074
1499 10153
1599 10133
1699 10203
1799 9998
1899 9140
1999 8620
2099 9831
2199 10201
2299 10069
2399 9377
2499 10410
2599 10079
2699 9568
2799 9773
2899 9792
2999 10446
3099 9778
3199 10263
3299 9974
3399 10805
3499 9571
3599 10377
3699 9186
3799 9921
3899 9883
3999 10645
4099 10412
4199 10430
4299 10712
4399 10341
4499 10958
4599 11010
4699 10753
4799 10255
4899 11291
4999 11019
5099 10781
5199 10511
5299 10633
5399 11403
5499 10636
5599 10279
5699 11541
5799 11678
5899 10956
5999 10005
6099 10876
6199 10453
6299 10803
6399 10095
6499 11288
6599 10323
6699 10176
6799 10632
6899 9632
6999 10643
7099 10814
7199 11177
7299 10281
7399 9110
7499 11701
7599 10600
7699 11952
7799 11563
7899 10514
7999 10242
8099 10629
8199 11485
8299 11785
8399 11167
8499 12932
8599 10421
8699 10982
8799 10493
8899 20864
8999 10983
9099 11045
9199 11595
9299 11223
9399 10490
9499 11135
9599 11562
9699 11910
9799 11912
9899 11005
9999 10404
10099 11320
10199 12858
10299 11587
10399 8619
10499 10521
10599 8840
10699 11448
10799 11847
10899 20419
10999 10696
11099 10730
11199 13756
11299 11735
11399 11409
11499 12291
11599 11540
11699 10568
11799 11036
11899 12032
11999 10733
12099 12016
12199 11637
12299 10280
12399 9936
12499 13153
12599 12267
12699 12501
12799 11202
12899 11684
12999 10959
13099 10438
13199 12381
13299 10956
13399 11156
13499 12931
13599 9224
13699 12332
13799 9796
13899 13054
13999 10971
14099 12207
14199 13705
14299 12746
14399 12314
14499 9296
14599 12382
14699 10607
14799 10040
14899 13933
14999 11859
15099 11907
15199 10654
15299 13153
15399 10939
15499 11350
15599 12535
15699 11087
15799 11634
15899 11702
15999 11693
16099 9634
16199 13310
16299 12572
16399 12606
16499 11897
16599 12802
16699 12354
16799 14501
16899 10753
16999 12004
17099 13148
17199 12780
17299 12701
17399 13301
17499 12688
17599 10589
17699 13198
17799 13234
17899 11065
17999 12116
18099 14044
18199 9423
18299 13519
18399 15104
18499 12257
18599 12455
18699 12806
18799 12258
18899 13605
18999 12050
19099 11251
19199 12161
19299 10665
19399 9550
19499 12063
19599 11728
19699 14413
19799 14465
19899 11426
19999 11071
20099 12149
20199 13032
20299 10113
20399 10617
20499 14024
20599 12653
20699 14978
20799 10591
20899 11883
20999 10948
21099 13524
21199 11460
21299 9146
21399 14010
21499 10542
21599 11616
21699 12329
21799 11505
21899 11639
21999 12659
22099 8726
22199 8567
22299 8399
22399 8149
22499 7805
22599 8438
22699 7750
22799 7973
22899 8793
22999 8624
23099 8205
23199 8384
23299 8105
23399 8229
23499 8201
23599 8347
23699 7760
23799 7843
23899 7741
23999 8246
24099 7341
24199 8088
24299 7939
24399 9004
24499 8478
24599 7513
24699 9040
24799 8162
24899 8589
24999 7830
25099 8358
25199 8711
25299 7831
25399 7931
25499 7947
25599 8498
25699 8562
25799 7912
25899 8682
25999 7949
26099 7948
26199 7702
26299 7806
26399 8776
26499 8366
26599 8596
26699 7828
26799 8611
26899 8312
26999 8507
27099 9429
27199 7755
27299 7992
27399 8867
27499 7492
27599 7528
27699 7799
27799 7345
27899 8185
27999 8713
28099 7476
28199 8755
28299 8355
28399 8140
28499 8195
28599 8571
28699 8100
28799 8246
28899 8489
28999 8408
29099 7561
29199 8344
29299 7865
29399 7845
29499 8563
29599 7451
29699 8295
29799 8010
29899 8215
29999 8106
30099 7859
30199 8243
30299 7681
30399 7682
30499 7703
30599 8399
30699 7528
30799 8310
30899 8618
30999 8396
31099 7755
31199 8266
31299 8422
31399 7608
31499 8096
31599 7627
31699 8399
31799 7892
31899 8201
31999 8736
32099 8307
32199 8538
32299 8718
32399 7774
32499 7937
32599 7983
32699 7665
32799 8834
32899 8597
32999 8585
33099 8146
33199 7764
33299 8113
33399 8638
33499 8536
33599 9133
33699 7927
33799 8082
33899 7782
33999 8267
34099 7995
34199 8405
34299 8066
34399 8290
34499 8427
34599 7695
34699 8210
34799 7437
34899 8154
34999 7994
35099 7765
35199 7865
35299 6986
35399 8223
35499 7929
35599 9033
35699 8264
35799 7522
35899 7645
35999 8376
36099 7625
36199 8469
36299 7690
36399 7965
36499 7887
36599 7694
36699 7650
36799 7683
36899 8221
36999 7334
37099 7724
37199 8165
37299 7516
37399 8083
37499 8242
37599 8245
37699 8082
37799 7965
37899 8319
37999 7579
38099 7774
38199 7749
38299 8053
38399 7809
38499 8413
38599 7481
38699 8209
38799 8407
38899 9185
38999 9469
39099 8188
39199 7577
39299 7772
39399 7931
39499 11752
39599 8132
39699 8298
39799 8372
39899 8346
39999 8612
40099 8233
40199 8609
40299 7672
40399 7492
40499 8249
40599 8029
40699 7769
40799 8179
40899 7715
40999 8734
41099 7826
41199 8130
41299 7997
41399 7795
41499 7637
41599 7469
41699 8108
41799 8217
41899 9307
41999 8159
42099 7698
42199 8248
42299 7381
42399 7837
42499 8155
42599 8333
42699 7935
42799 7603
42899 8481
42999 8639
43099 8068
43199 8576
43299 8500
43399 8340
43499 7904
43599 8070
43699 7553
43799 8344
43899 7992
43999 8152
44099 8480
44199 7925
44299 10236
44399 7879
44499 7954
44599 7891
44699 8688
44799 8233
44899 7881
44999 7534
45099 7737
45199 7870
45299 8021
45399 7884
45499 8093
45599 7646
45699 7533
45799 7875
45899 8171
45999 7868
46099 8047
46199 8203
46299 8053
46399 8833
46499 7649
46599 8246
46699 7502
46799 8467
46899 8309
46999 8394
47099 7793
47199 8856
47299 8090
47399 7906
47499 7719
47599 7586
47699 7675
47799 7769
47899 7982
47999 7651
48099 8423
48199 7633
48299 8214
48399 8545
48499 7749
48599 7754
48699 8184
48799 7719
48899 8018
48999 8427
49099 7737
49199 7808
49299 7547
49399 8481
49499 8018
49599 7941
49699 8144
49799 8086
49899 7703
49999 7938
50099 8381
50199 8142
50299 8125
50399 7845
50499 8438
50599 7905
50699 7601
50799 7914
50899 8278
50999 7893
51099 7784
51199 8357
51299 8337
51399 8187
51499 8481
51599 8511
51699 8082
51799 8228
51899 7858
51999 8273
52099 7858
52199 8803
52299 7893
52399 7739
52499 7721
52599 8356
52699 8177
52799 7814
52899 8036
52999 8239
53099 8031
53199 7559
53299 7516
53399 7552
53499 7633
53599 7959
53699 8200
53799 7676
53899 8332
53999 7538
54099 7834
54199 8082
54299 7938
54399 8335
54499 7540
54599 7860
54699 8085
54799 8008
54899 7483
54999 9278
55099 8014
55199 7821
55299 6996
55399 7829
55499 8021
55599 8180
55699 8237
55799 8564
55899 8012
55999 7953
56099 8654
56199 8422
56299 7549
56399 7452
56499 7317
56599 8154
56699 7849
56799 7982
56899 7695
56999 7512
57099 7810
57199 7697
57299 7488
57399 7720
57499 8559
57599 8484
57699 7695
57799 7987
57899 8215
57999 7983
58099 7803
58199 7743
58299 8363
58399 8257
58499 8011
58599 8140
58699 7872
58799 7385
58899 7151
58999 7628
59099 7876
59199 7721
59299 8771
59399 7656
59499 7729
59599 8103
59699 7459
59799 8137
59899 7769
59999 8320
60099 7795
60199 7774
60299 7655
60399 8370
60499 8822
60599 7711
60699 7600
60799 7777
60899 8066
60999 8199
61099 8115
61199 8102
61299 7931
61399 8054
61499 8145
61599 8450
61699 8050
61799 7788
61899 7753
61999 8734
62099 8469
62199 8851
62299 8768
62399 8866
62499 8154
62599 8654
62699 8330
62799 7940
62899 7489
62999 8420
63099 8138
63199 8408
63299 7689
63399 8835
63499 8112
63599 8355
63699 8113
63799 7962
63899 8344
63999 8079
64099 7873
64199 7715
64299 8540
64399 8098
64499 7880
64599 7948
64699 8046
64799 7822
64899 7755
64999 7951
65099 7149
65199 6684
65299 8461
65399 8271
65499 7666
65599 7996
65699 9428
65799 8013
65899 8158
65999 7858
66099 8088
66199 8085
66299 7617
66399 8131
66499 8087
66599 7747
66699 8256
66799 8258
66899 7417
66999 8409
67099 7755
67199 7656
67299 8370
67399 7818
67499 7476
67599 8128
67699 8485
67799 7664
67899 7672
67999 8087
68099 7851
68199 7685
68299 7341
68399 7789
68499 7973
68599 8997
68699 8841
68799 7679
68899 7877
68999 7813
69099 8104
69199 7942
69299 8265
69399 7811
69499 7951
69599 7552
69699 7518
69799 7626
69899 7729
69999 7978
70099 7982
70199 8262
70299 7921
70399 8019
70499 7773
70599 8005
70699 7501
70799 8219
70899 8161
70999 7560
71099 8112
71199 7387
71299 7619
71399 7817
71499 8145
71599 8466
71699 7860
71799 7933
71899 7876
71999 8393
72099 8044
72199 7901
72299 7413
72399 7498
72499 8317
72599 7700
72699 8185
72799 8192
72899 7529
72999 7685
73099 8045
73199 7698
73299 8433
73399 7757
73499 8785
73599 7946
73699 8597
73799 7372
73899 7782
73999 8000
74099 8177
74199 8401
74299 7582
74399 7456
74499 7825
74599 7515
74699 8136
74799 7908
74899 8026
74999 7850
75099 8231
75199 7472
75299 8352
75399 8019
75499 8264
75599 7729
75699 7980
75799 8234
75899 8063
75999 7530
76099 7835
76199 8390
76299 7984
76399 7713
76499 7824
76599 8103
76699 10507
76799 7639
76899 7630
76999 7377
77099 8052
77199 7581
77299 8004
77399 8345
77499 7916
77599 7560
77699 8093
77799 7772
77899 8274
77999 7957
78099 7932
78199 7849
78299 8073
78399 7839
78499 7631
78599 8158
78699 7955
78799 7667
78899 7536
78999 7758
79099 7717
79199 7541
79299 7756
79399 8026
79499 7798
79599 7353
79699 7459
79799 7402
79899 8358
79999 8563
80099 7797
80199 7785
80299 8362
80399 7264
80499 8185
80599 8924
80699 7752
80799 7931
80899 8344
80999 8333
81099 7791
81199 7803
81299 8304
81399 8010
81499 7590
81599 7796
81699 8148
81799 7421
81899 7928
81999 8035
82099 7716
82199 7641
82299 8682
82399 7631
82499 7855
82599 7770
82699 8432
82799 8259
82899 7406
82999 8284
83099 7884
83199 8882
83299 7877
83399 7977
83499 8234
83599 7891
83699 8595
83799 8046
83899 8075
83999 8636
84099 8622
84199 8656
84299 8606
84399 8836
84499 8720
84599 8347
84699 8136
84799 7949
84899 8057
84999 7950
85099 8545
85199 8050
85299 8289
85399 8670
85499 7363
85599 7599
85699 7751
85799 7668
85899 8018
85999 8299
86099 8163
86199 7209
86299 8240
86399 7827
86499 8278
86599 7790
86699 7868
86799 7704
86899 7546
86999 8350
87099 7523
87199 7696
87299 8147
87399 8049
87499 8077
87599 8062
87699 7498
87799 8421
87899 8182
87999 7971
88099 7455
88199 8107
88299 7583
88399 8055
88499 7741
88599 7853
88699 8411
88799 7595
88899 7501
88999 7737
89099 7897
89199 8763
89299 8165
89399 8025
89499 8372
89599 8216
89699 8113
89799 7663
89899 7831
89999 7885
90099 7627
90199 7612
90299 8087
90399 8546
90499 8052
90599 8061
90699 7930
90799 10390
90899 10698
90999 9444
91099 9300
91199 8568
91299 8307
91399 8374
91499 8379
91599 8763
91699 8530
91799 8621
91899 8491
91999 8338
92099 8318
92199 7683
92299 8298
92399 8709
92499 8393
92599 7921
92699 7834
92799 7813
92899 8048
92999 7984
93099 7983
93199 8469
93299 7936
93399 8227
93499 7926
93599 8080
93699 7888
93799 8006
93899 7687
93999 7996
94099 8319
94199 8189
94299 8969
94399 7999
94499 7585
94599 7947
94699 7902
94799 7567
94899 7872
94999 7636
95099 7901
95199 7893
95299 8055
95399 7841
95499 8161
95599 8098
95699 8153
95799 7684
95899 7937
95999 8053
96099 7900
96199 8132
96299 8413
96399 7912
96499 8309
96599 8083
96699 8288
96799 7977
96899 7997
96999 7942
97099 8381
97199 7775
97299 7603
97399 7853
97499 8483
97599 7480
97699 7706
97799 8253
97899 8255
97999 8212
98099 7794
98199 7569
98299 8015
98399 8250
98499 7797
98599 8104
98699 7851
98799 8714
98899 7545
98999 8051
99099 8427
99199 7992
99299 8622
99399 8382
99499 8072
99599 7773
99699 8319
99799 8438
99899 7602
99999 7523
random test ok
time:8873852
the number of moving:0
the number of writing in log:0
the number of cache hit:0
the number of page writing:100000
the number of overwriting:8853
the number of translation block writing:6134
the number of find:4114544
the number of ex read:0
close
